# 近似熵 (ApEn) 计算结果
# 计算时间: 2025-11-19 15:08:01
# 参数: m=2, r=0.4
# 图像尺寸 (W x H): 346 x 260
# ---
airplane5: 0.05259456638187876
animal2: 0.04330178572076848
bag6: 0.008407376473911654
ball15: 0.05130428319394387
bike8: 0.016477217315948423
book3: 0.05428843670859873
book13: 0.017051936412613156
box6: 0.08996321025932019
cap8: 0.13361685585105754
car14: 0.007543700747298043
car24: 0.005446232028469833
car33: 0.0056156635073953964
car40: 0.001455318565368069
cup10: 0.017479989137954455
extra8: 0.019809627668628593
extra9: 0.012140763443243774
flag3: 0.04877844776882645
fruit3: 0.053814251481205666
fruit8: 0.04986633868149992
glasses5: 0.10535369875402978
glow8: 0.05048248841751857
hand12: 0.18709786020295205
head6: 0.018683742648541113
human24: 0.010750972589516294
human33: 0.007691937462054765
human43: 0.009269498594456582
human49: 0.012660816775991846
logo14: 0.0569765004711984
object3: 0.0492206357442182
plant6: 0.10478458963971704
scissor2: 0.03869218783325179
umbrella3: 0.06511192320318848
