# 二阶卡尔曼滤波 (CA模型) 不可预测性得分
# 得分 = 预测与 Ground Truth 之间的平均残差范数
# 计算时间: 2025-11-21 15:28:08
# ---
airplane5: 9.090617002067827
animal2: 1.8668729646102369
bag6: 1.991375637644883
ball15: 2.758153452201686
bike8: 1.5835723443545666
book3: 7.174596323245577
book13: 2.564931877995143
box6: 4.5153913398596375
cap8: 8.692368192796172
car14: 1.3085286232083224
car24: 1.4606304564757877
car33: 0.9329782957259564
car40: 0.9113101544525248
cup10: 3.0340343843473603
extra8: 2.203008463412999
extra9: 1.8655664649469041
flag3: 3.8100664993566657
fruit3: 4.620812008798998
fruit8: 5.896192109978249
glasses5: 3.631603421850723
glow8: 2.699758942169894
hand12: 5.158934456175684
head6: 1.734927118799613
human24: 1.4513356147480252
human33: 1.884133532054519
human43: 1.298973790213089
human49: 1.9285031152657157
logo14: 2.2976769633659377
object3: 5.60489690168195
plant6: 5.24726541332887
scissor2: 4.661381108068978
umbrella3: 6.2988047524091195
