# LSTM 不可预测性得分 (最终训练Loss)
# 计算时间: 2025-11-21 15:45:40
# 参数: look_back=10, epochs=100, hidden_units=50, lr=0.001
# ---
airplane5: 0.008420915342867374
animal2: 0.0023361335042864084
bag6: 0.00424573477357626
ball15: 0.0027060708962380886
bike8: 0.002877140650525689
book3: 0.010206486098468304
book13: 0.004794627893716097
box6: 0.004405675455927849
cap8: 0.005343487020581961
car14: 0.001895985216833651
car24: 0.004183423705399036
car33: 0.005293689202517271
car40: 0.00037033300031907856
cup10: 0.0033850716426968575
extra8: 0.0008168186177499592
extra9: 0.0006235180189833045
flag3: 0.0029457288328558207
fruit3: 0.0011006664717569947
fruit8: 0.002603730419650674
glasses5: 0.002812204649671912
glow8: 0.001557956449687481
hand12: 0.0018001123098656535
head6: 0.0033305331598967314
human24: 0.005430438090115786
human33: 0.0055631487630307674
human43: 0.0015354631468653679
human49: 0.0051231286488473415
logo14: 0.002547664800658822
object3: 0.005441052373498678
plant6: 0.005069790408015251
scissor2: 0.005321728065609932
umbrella3: 0.005272937938570976
