# 样本熵计算结果
# 计算时间: 2025-11-18 22:28:55
# 参数: m=2, r=0.4
# 图像尺寸 (W x H): 346 x 260
# ---
airplane5: 0.03251819951894589
animal2: 0.03073884834556113
bag6: 0.008478815311273858
ball15: 0.03773373718722265
bike8: 0.014449592669372515
book3: 0.03537869510275363
book13: 0.01616691451665087
box6: 0.08256823639895132
cap8: 0.12512573537460706
car14: 0.007366173613326221
car24: 0.0038514398647961348
car33: 0.0048467025590473055
car40: 0.0012580401657641396
cup10: 0.013099154238563481
extra8: 0.0182502708199402
extra9: 0.010643290557515336
flag3: 0.041124580690860855
fruit3: 0.04200657610229643
fruit8: 0.04552940374393442
glasses5: 0.10012617297267717
glow8: 0.04580610630796217
hand12: 0.15533805355675442
head6: 0.019047414596481668
human24: 0.0088858470657801
human33: 0.007358749286894157
human43: 0.008132119779763297
human49: 0.011911535078789653
logo14: 0.03879894527139604
object3: 0.04690478809456288
plant6: 0.10061704524819556
scissor2: 0.035255636700891636
umbrella3: 0.06320031948277635
